-0.0002
   -0.0005
   -0.0008
   -0.0011
   -0.0013
   -0.0014
   -0.0011
   -0.0005
    0.0006
    0.0020
    0.0036
    0.0050
    0.0060
    0.0060
    0.0047
    0.0019
   -0.0022
   -0.0073
   -0.0126
   -0.0172
   -0.0198
   -0.0195
   -0.0151
   -0.0062
    0.0073
    0.0247
    0.0450
    0.0664
    0.0870
    0.1046
    0.1176
    0.1245
    0.1245
    0.1176
    0.1046
    0.0870
    0.0664
    0.0450
    0.0247
    0.0073
   -0.0062
   -0.0151
   -0.0195
   -0.0198
   -0.0172
   -0.0126
   -0.0073
   -0.0022
    0.0019
    0.0047
    0.0060
    0.0060
    0.0050
    0.0036
    0.0020
    0.0006
   -0.0005
   -0.0011
   -0.0014
   -0.0013
   -0.0011
   -0.0008
   -0.0005
   -0.0002